75.22873306274414 75.22873306274414 20.711585998535156 20.711585998535156 -3.0163618326187134 -3.0163618326187134
73.0766716003418 73.0766716003418 14.874927520751953 14.874927520751953 68.77737236022949 68.77737236022949
-18.0 18.0 0.0 0.0 -18.0 18.0
5.998920500278473 8.998920857906342 0.3587096929550171 8.608710408210754 -7.499444782733917 -4.499444425106049
-7.50017112493515 -4.5001707673072815 0.3587082624435425 8.60870897769928 9.75146108865738 12.751461446285248
-14.253300368785858 -11.25330001115799 0.20693814754486084 8.456938862800598 9.75294953584671 12.752949893474579
-0.7519842088222504 2.2480161488056183 0.35869288444519043 8.608693599700928 9.751274406909943 12.751274764537811
-16.501183211803436 -13.501182854175568 0.35847795009613037 8.608478665351868 -16.499910056591034 -13.499909698963165
-9.011482179164886 -6.011481821537018 0.3514394760131836 8.601440191268921 -16.504347503185272 -13.504347145557404
5.998819649219513 8.998820006847382 0.358479380607605 8.608480095863342 9.749907553195953 12.749907910823822
5.998144447803497 8.998144805431366 0.35839176177978516 8.608391761779785 0.0007392168045043945 6.000739932060242
-1.5021528888610192 1.4978474687668495 0.35870790481567383 8.608708620071411 -16.499106109142303 -13.499105751514435
-1.5019675276125781 1.4980328300152905 0.35831236839294434 8.608313083648682 -7.49873811006546 -4.4987377524375916