13.0 15.0 5.0 7.0 -9.0 -7.0
13.0 15.0 1.0 3.0 -15.0 -13.0
13.0 15.0 9.0 11.0 -3.0 -1.0
13.0 15.0 13.0 15.0 3.0 5.0
13.0 15.0 17.0 19.0 9.0 11.0
7.0 9.0 21.0 23.0 9.0 11.0
1.0 3.0 25.0 27.0 9.0 11.0
-5.0 -3.0 29.0 31.0 9.0 11.0
-11.0 -9.0 33.0 35.0 -11.0 11.0
-17.0 -15.0 26.0 28.0 -39.0 -17.0
-10.0 -8.0 20.0 22.0 -68.0 -46.0
-4.0 -2.0 25.0 27.0 -68.0 -66.0
2.0 4.0 29.0 31.0 -68.0 -66.0
8.0 10.0 33.0 35.0 -68.0 -46.0
16.0 18.0 33.0 35.0 -48.0 -46.0
24.0 26.0 33.0 35.0 -48.0 -46.0
31.0 33.0 33.0 35.0 -48.0 -46.0
39.0 41.0 33.0 35.0 -48.0 -46.0
55.4 68.6 0.7 7.3 -53.6 -40.4
